1731965455.7372 0.0000 0.0000 0.0000 0.0000 0.0000 0.0000 1.0000
1731965455.8426 0.0860 -0.0132 0.0009 0.0001 -0.0000 0.0003 1.0000
1731965455.9382 0.2589 0.0204 0.0001 -0.0000 0.0000 0.0017 1.0000
1731965456.0370 0.4445 0.0159 0.0024 0.0000 -0.0000 0.0017 1.0000
1731965456.1410 0.6279 0.0178 0.0075 -0.0000 -0.0001 0.0018 1.0000
1731965456.2393 0.8250 0.0392 0.0042 -0.0001 -0.0001 0.0023 1.0000
1731965456.3414 1.0569 0.0291 0.0075 -0.0000 -0.0002 0.0021 1.0000
1731965456.4380 1.3100 0.0437 0.0047 0.0000 -0.0002 0.0021 1.0000
1731965456.5345 1.5282 0.0585 0.0105 0.0000 -0.0003 0.0025 1.0000
1731965456.6397 1.7658 0.0635 0.0151 0.0001 -0.0003 0.0025 1.0000
1731965456.7350 2.0077 0.0669 0.0249 0.0001 -0.0004 0.0025 1.0000
1731965456.8375 2.2641 0.0897 0.0344 0.0001 -0.0004 0.0028 1.0000
1731965456.9370 2.4978 0.0877 0.0357 -0.0001 -0.0004 0.0028 1.0000
1731965457.0342 2.7582 0.0948 0.0440 0.0000 -0.0004 0.0029 1.0000
1731965457.1340 3.0036 0.1001 0.0419 -0.0001 -0.0003 0.0034 1.0000
1731965457.2336 3.2616 0.1116 0.0545 0.0000 -0.0002 0.0035 1.0000
1731965457.3347 3.4970 0.1143 0.0584 0.0000 -0.0002 0.0037 1.0000
1731965457.4396 3.7115 0.1269 0.0661 0.0000 -0.0002 0.0040 1.0000
1731965457.5337 3.9607 0.1449 0.0712 0.0000 -0.0002 0.0041 1.0000
1731965457.6384 4.1923 0.1587 0.0752 -0.0001 -0.0002 0.0042 1.0000
1731965457.7337 4.4260 0.1684 0.0849 -0.0002 -0.0001 0.0045 1.0000
1731965457.8360 4.6515 0.1813 0.0896 -0.0003 -0.0002 0.0045 1.0000
1731965457.9386 4.8967 0.1881 0.0937 -0.0003 -0.0001 0.0048 1.0000
1731965458.0354 5.1293 0.2074 0.0974 -0.0003 -0.0001 0.0051 1.0000
1731965458.1401 5.3633 0.2027 0.1072 -0.0002 -0.0001 0.0053 1.0000
1731965458.2347 5.5905 0.2169 0.1142 -0.0004 -0.0001 0.0054 1.0000
1731965458.3341 5.8287 0.2378 0.1184 -0.0006 0.0000 0.0057 1.0000
1731965458.4360 6.0629 0.2507 0.1248 -0.0005 0.0000 0.0059 1.0000
1731965458.5388 6.2938 0.2522 0.1245 -0.0005 0.0001 0.0063 1.0000
1731965458.6389 6.5351 0.2631 0.1338 -0.0006 0.0002 0.0066 1.0000
1731965458.7370 6.7766 0.2805 0.1378 -0.0006 0.0004 0.0069 1.0000
1731965458.8393 7.0035 0.2880 0.1401 -0.0005 0.0004 0.0072 1.0000
1731965458.9382 7.2182 0.2979 0.1453 -0.0005 0.0004 0.0076 1.0000
1731965459.0388 7.4505 0.3094 0.1483 -0.0003 0.0005 0.0081 1.0000
1731965459.1415 7.6807 0.3137 0.1587 -0.0004 0.0005 0.0083 1.0000
1731965459.2421 7.8905 0.3330 0.1581 -0.0004 0.0006 0.0087 1.0000
1731965459.3383 8.1256 0.3431 0.1645 -0.0005 0.0006 0.0089 1.0000
1731965459.4352 8.3651 0.3586 0.1658 -0.0006 0.0008 0.0093 1.0000
1731965459.5368 8.5901 0.3621 0.1703 -0.0005 0.0009 0.0096 1.0000
1731965459.6339 8.8082 0.3723 0.1757 -0.0004 0.0009 0.0099 1.0000
1731965459.7332 9.0270 0.3858 0.1841 -0.0003 0.0010 0.0102 0.9999
1731965459.8370 9.2626 0.3993 0.1871 -0.0004 0.0011 0.0101 0.9999
1731965459.9389 9.4796 0.4196 0.1956 -0.0005 0.0010 0.0100 0.9999
1731965460.0390 9.7024 0.4136 0.1999 -0.0007 0.0012 0.0096 1.0000
1731965460.1396 9.9292 0.4243 0.2017 -0.0008 0.0012 0.0089 1.0000
1731965460.2409 10.1592 0.4420 0.2122 -0.0007 0.0015 0.0080 1.0000
1731965460.3363 10.4031 0.4570 0.2170 -0.0009 0.0017 0.0067 1.0000
1731965460.4317 10.6062 0.4725 0.2210 -0.0008 0.0017 0.0055 1.0000
1731965460.5324 10.8291 0.4629 0.2222 -0.0009 0.0018 0.0041 1.0000
1731965460.6324 11.0498 0.4833 0.2240 -0.0009 0.0019 0.0023 1.0000
1731965460.7383 11.2768 0.4857 0.2326 -0.0011 0.0024 0.0004 1.0000
1731965460.8423 11.4918 0.4855 0.2385 -0.0013 0.0025 -0.0016 1.0000
1731965460.9412 11.7147 0.4911 0.2435 -0.0013 0.0025 -0.0041 1.0000
1731965461.0364 11.9116 0.4903 0.2460 -0.0015 0.0026 -0.0067 1.0000
1731965461.1329 12.1251 0.4870 0.2480 -0.0014 0.0026 -0.0098 0.9999
1731965461.2420 12.3372 0.4861 0.2510 -0.0014 0.0025 -0.0135 0.9999
1731965461.3361 12.5605 0.4740 0.2555 -0.0017 0.0025 -0.0178 0.9998
1731965461.4415 12.7770 0.4735 0.2605 -0.0025 0.0024 -0.0229 0.9997
1731965461.5433 12.9955 0.4606 0.2709 -0.0030 0.0023 -0.0291 0.9996
1731965461.6333 13.1881 0.4419 0.2715 -0.0030 0.0024 -0.0358 0.9994
1731965461.7406 13.4015 0.4101 0.2666 -0.0029 0.0023 -0.0428 0.9991
1731965461.8352 13.5929 0.4006 0.2716 -0.0030 0.0023 -0.0499 0.9987
1731965461.9326 13.7969 0.3606 0.2748 -0.0032 0.0024 -0.0574 0.9983
1731965462.0328 13.9834 0.3419 0.2789 -0.0031 0.0023 -0.0654 0.9979
1731965462.1361 14.1768 0.2981 0.2853 -0.0031 0.0023 -0.0738 0.9973
1731965462.2341 14.3923 0.2641 0.2877 -0.0031 0.0022 -0.0829 0.9966
1731965462.3371 14.5660 0.2190 0.2961 -0.0032 0.0023 -0.0919 0.9958
1731965462.4391 14.7374 0.1636 0.2926 -0.0032 0.0023 -0.1009 0.9949
1731965462.5366 14.9168 0.1034 0.2951 -0.0034 0.0020 -0.1106 0.9939
1731965462.6391 15.1049 0.0445 0.3036 -0.0031 0.0019 -0.1206 0.9927
1731965462.7377 15.2782 -0.0192 0.3051 -0.0030 0.0019 -0.1310 0.9914
1731965462.8340 15.4805 -0.0686 0.3127 -0.0030 0.0017 -0.1420 0.9899
1731965462.9368 15.6392 -0.1424 0.3168 -0.0031 0.0017 -0.1532 0.9882
1731965463.0379 15.8096 -0.2165 0.3181 -0.0031 0.0017 -0.1648 0.9863
1731965463.1387 15.9976 -0.2759 0.3242 -0.0027 0.0013 -0.1771 0.9842
1731965463.2402 16.1868 -0.3528 0.3298 -0.0021 0.0013 -0.1893 0.9819
1731965463.3428 16.3331 -0.4456 0.3311 -0.0018 0.0014 -0.2017 0.9794
1731965463.4355 16.5002 -0.5163 0.3403 -0.0019 0.0012 -0.2144 0.9768
1731965463.5348 16.6492 -0.6147 0.3473 -0.0019 0.0012 -0.2274 0.9738
1731965463.6341 16.7742 -0.7230 0.3512 -0.0023 0.0013 -0.2410 0.9705
1731965463.7315 16.9509 -0.8151 0.3597 -0.0029 0.0011 -0.2555 0.9668
1731965463.8323 17.1230 -0.9107 0.3611 -0.0033 0.0012 -0.2704 0.9627
1731965463.9377 17.2631 -1.0186 0.3686 -0.0035 0.0011 -0.2854 0.9584
1731965464.0359 17.3887 -1.1158 0.3753 -0.0037 0.0011 -0.3008 0.9537
1731965464.1397 17.5148 -1.2632 0.3809 -0.0037 0.0012 -0.3161 0.9487
1731965464.2327 17.6097 -1.3867 0.3730 -0.0032 0.0010 -0.3315 0.9435
1731965464.3365 17.7330 -1.5175 0.3678 -0.0028 0.0006 -0.3477 0.9376
1731965464.4383 17.8589 -1.6481 0.3743 -0.0015 -0.0001 -0.3645 0.9312
1731965464.5328 17.9320 -1.8083 0.3698 0.0002 -0.0009 -0.3806 0.9247
1731965464.6325 18.0377 -1.9457 0.3815 0.0020 -0.0015 -0.3974 0.9177
1731965464.7382 18.1290 -2.0886 0.3989 0.0026 -0.0015 -0.4141 0.9102
1731965464.8323 18.2147 -2.2377 0.4172 0.0021 -0.0008 -0.4307 0.9025
1731965464.9394 18.2979 -2.3871 0.4255 0.0014 0.0006 -0.4477 0.8942
1731965465.0325 18.3854 -2.5307 0.4175 0.0011 0.0016 -0.4651 0.8853
1731965465.1384 18.4475 -2.6914 0.4090 0.0016 0.0020 -0.4825 0.8759
1731965465.2329 18.5014 -2.8439 0.4108 0.0022 0.0020 -0.5003 0.8658
1731965465.3349 18.5464 -3.0099 0.4126 0.0031 0.0021 -0.5175 0.8557
1731965465.4373 18.5881 -3.1924 0.4193 0.0035 0.0021 -0.5343 0.8453
1731965465.5388 18.6003 -3.3496 0.4207 0.0040 0.0024 -0.5509 0.8346
1731965465.6384 18.6385 -3.5086 0.4047 0.0051 0.0020 -0.5673 0.8235
1731965465.7400 18.6424 -3.6827 0.4158 0.0068 0.0015 -0.5832 0.8123
1731965465.8396 18.6433 -3.8437 0.4191 0.0076 0.0008 -0.5993 0.8005
1731965465.9392 18.6606 -4.0032 0.4276 0.0080 0.0004 -0.6150 0.7885
1731965466.0316 18.6758 -4.1786 0.4187 0.0082 -0.0004 -0.6306 0.7761
1731965466.1329 18.6676 -4.3228 0.4330 0.0087 -0.0007 -0.6459 0.7634
1731965466.2405 18.6349 -4.4996 0.4306 0.0085 -0.0013 -0.6610 0.7504
1731965466.3354 18.6224 -4.6669 0.4275 0.0091 -0.0015 -0.6758 0.7370
1731965466.4360 18.5929 -4.8388 0.4332 0.0101 -0.0012 -0.6899 0.7238
1731965466.5395 18.5523 -4.9962 0.4321 0.0106 -0.0011 -0.7039 0.7102
1731965466.6348 18.5348 -5.1650 0.4409 -0.0108 0.0007 0.7177 -0.6962
1731965466.7376 18.4722 -5.3128 0.4287 -0.0109 0.0007 0.7313 -0.6819
1731965466.8361 18.4410 -5.4666 0.4315 -0.0114 0.0008 0.7449 -0.6671
1731965466.9389 18.3665 -5.6293 0.4308 -0.0118 0.0006 0.7579 -0.6523
1731965467.0338 18.3066 -5.8050 0.4376 -0.0125 0.0002 0.7706 -0.6372
1731965467.1343 18.2423 -5.9482 0.4347 -0.0130 -0.0003 0.7832 -0.6217
1731965467.2350 18.1915 -6.0872 0.4355 -0.0135 -0.0011 0.7954 -0.6060
1731965467.3312 18.0969 -6.2320 0.4347 -0.0137 -0.0018 0.8072 -0.5902
1731965467.4371 18.0331 -6.3827 0.4282 -0.0141 -0.0023 0.8187 -0.5740
1731965467.5387 17.9221 -6.5052 0.4239 -0.0146 -0.0020 0.8298 -0.5579
1731965467.6348 17.8044 -6.6399 0.4163 -0.0153 -0.0017 0.8405 -0.5416
1731965467.7304 17.7274 -6.7706 0.4254 -0.0162 -0.0017 0.8509 -0.5251
1731965467.8346 17.5898 -6.9082 0.4252 -0.0166 -0.0017 0.8608 -0.5087
1731965467.9385 17.4822 -7.0236 0.4268 -0.0165 -0.0020 0.8705 -0.4918
1731965468.0366 17.3990 -7.1372 0.4289 -0.0165 -0.0026 0.8801 -0.4746
1731965468.1325 17.2594 -7.2577 0.4294 -0.0161 -0.0035 0.8891 -0.4574
1731965468.2386 17.1602 -7.3734 0.4144 -0.0163 -0.0043 0.8979 -0.4399
1731965468.3402 17.0012 -7.4787 0.4161 -0.0167 -0.0045 0.9060 -0.4229
1731965468.4381 16.9015 -7.5473 0.4136 -0.0168 -0.0043 0.9142 -0.4048
1731965468.5308 16.7563 -7.6450 0.4120 -0.0169 -0.0039 0.9218 -0.3874
1731965468.6349 16.6254 -7.7356 0.4042 -0.0168 -0.0034 0.9289 -0.3698
1731965468.7319 16.4907 -7.8176 0.3989 -0.0169 -0.0022 0.9359 -0.3518
1731965468.8332 16.3349 -7.8809 0.3929 -0.0174 -0.0009 0.9422 -0.3347
1731965468.9353 16.1691 -7.9425 0.4043 -0.0180 -0.0005 0.9478 -0.3183
1731965469.0374 16.0137 -8.0505 0.4049 -0.0175 -0.0002 0.9530 -0.3026
1731965469.1365 15.8644 -8.1303 0.3979 -0.0171 -0.0006 0.9574 -0.2881
1731965469.2406 15.7096 -8.2008 0.3835 -0.0175 -0.0005 0.9614 -0.2745
1731965469.3306 15.5573 -8.2664 0.3891 -0.0181 -0.0004 0.9651 -0.2612
1731965469.4329 15.4036 -8.3275 0.3880 -0.0182 0.0002 0.9684 -0.2487
1731965469.5380 15.2237 -8.4052 0.3872 -0.0185 0.0005 0.9715 -0.2365
1731965469.6383 15.0607 -8.4775 0.3827 -0.0182 0.0009 0.9744 -0.2242
1731965469.7399 14.9029 -8.5177 0.3849 -0.0181 0.0011 0.9770 -0.2126
1731965469.8370 14.7453 -8.5579 0.3839 -0.0182 0.0011 0.9793 -0.2017
1731965469.9357 14.5905 -8.6341 0.3798 -0.0180 0.0010 0.9814 -0.1909
1731965470.0358 14.4197 -8.6832 0.3783 -0.0179 0.0015 0.9833 -0.1814
1731965470.1363 14.2172 -8.7355 0.3771 -0.0176 0.0017 0.9850 -0.1719
1731965470.2380 14.0438 -8.7860 0.3753 -0.0175 0.0012 0.9866 -0.1622
1731965470.3407 13.9090 -8.8308 0.3738 -0.0172 0.0009 0.9882 -0.1521
1731965470.4352 13.7253 -8.8638 0.3674 -0.0171 0.0009 0.9897 -0.1422
1731965470.5366 13.5365 -8.8864 0.3620 -0.0170 0.0014 0.9911 -0.1322
1731965470.6335 13.3597 -8.9195 0.3633 -0.0170 0.0019 0.9924 -0.1222
1731965470.7388 13.1667 -8.9244 0.3579 -0.0171 0.0020 0.9936 -0.1120
1731965470.8376 12.9920 -8.9517 0.3576 -0.0171 0.0022 0.9946 -0.1019
1731965470.9353 12.8485 -8.9717 0.3466 -0.0174 0.0027 0.9957 -0.0915
1731965471.0355 12.6272 -9.0026 0.3500 -0.0175 0.0034 0.9965 -0.0820
1731965471.1350 12.4474 -9.0163 0.3459 -0.0177 0.0039 0.9972 -0.0723
1731965471.2357 12.2554 -9.0334 0.3450 -0.0180 0.0043 0.9979 -0.0627
1731965471.3333 12.1011 -9.0315 0.3416 -0.0183 0.0042 0.9984 -0.0534
1731965471.4343 11.9138 -9.0598 0.3397 -0.0187 0.0042 0.9988 -0.0448
1731965471.5360 11.7205 -9.0616 0.3347 -0.0188 0.0042 0.9991 -0.0365
1731965471.6337 11.5334 -9.0639 0.3342 -0.0190 0.0043 0.9994 -0.0281
1731965471.7366 11.3618 -9.0694 0.3261 -0.0192 0.0042 0.9996 -0.0198
1731965471.8331 11.1602 -9.0564 0.3261 -0.0194 0.0041 0.9997 -0.0118
1731965471.9386 10.9693 -9.0388 0.3192 -0.0199 0.0044 0.9998 -0.0043
1731965472.0395 10.7749 -9.0127 0.3134 -0.0204 0.0048 0.9998 0.0034
1731965472.1391 10.6096 -8.9984 0.3148 -0.0206 0.0052 0.9997 0.0117
1731965472.2381 10.4082 -9.0087 0.3120 -0.0209 0.0051 0.9996 0.0199
1731965472.3352 10.2141 -8.9860 0.3081 -0.0209 0.0048 0.9994 0.0284
1731965472.4318 10.0232 -8.9657 0.3031 -0.0210 0.0048 0.9991 0.0370
1731965472.5317 9.8831 -8.9208 0.3025 -0.0213 0.0049 0.9987 0.0462
1731965472.6351 9.6653 -8.8673 0.3028 -0.0213 0.0044 0.9982 0.0558
1731965472.7378 9.4623 -8.8137 0.2987 -0.0215 0.0035 0.9976 0.0655
1731965472.8388 9.2848 -8.7997 0.2902 -0.0217 0.0025 0.9969 0.0762
1731965472.9382 9.1071 -8.7598 0.2854 -0.0223 0.0020 0.9960 0.0869
1731965473.0371 8.9305 -8.7052 0.2830 -0.0225 0.0021 0.9949 0.0983
1731965473.1349 8.7794 -8.6455 0.2751 -0.0227 0.0020 0.9937 0.1100
1731965473.2349 8.5859 -8.5667 0.2710 -0.0230 0.0021 0.9922 0.1223
1731965473.3347 8.4132 -8.5034 0.2663 -0.0233 0.0019 0.9906 0.1347
1731965473.4415 8.2719 -8.4432 0.2670 -0.0238 0.0013 0.9888 0.1471
1731965473.5371 8.1141 -8.3606 0.2605 -0.0243 0.0008 0.9867 0.1606
1731965473.6398 7.9670 -8.2812 0.2515 -0.0243 0.0010 0.9844 0.1742
1731965473.7364 7.8061 -8.1966 0.2479 -0.0242 0.0014 0.9819 0.1877
1731965473.8310 7.6769 -8.1181 0.2492 -0.0243 0.0019 0.9791 0.2019
1731965473.9359 7.5217 -8.0203 0.2445 -0.0244 0.0018 0.9761 0.2159
1731965474.0329 7.3795 -7.9319 0.2425 -0.0243 0.0017 0.9730 0.2296
1731965474.1339 7.2533 -7.8114 0.2348 -0.0244 0.0018 0.9696 0.2435
1731965474.2344 7.1248 -7.7160 0.2291 -0.0246 0.0021 0.9661 0.2571
1731965474.3354 6.9834 -7.6210 0.2290 -0.0246 0.0020 0.9624 0.2706
1731965474.4362 6.8451 -7.5081 0.2240 -0.0248 0.0018 0.9585 0.2841
1731965474.5409 6.7354 -7.3997 0.2181 -0.0250 0.0016 0.9543 0.2977
1731965474.6413 6.6330 -7.2822 0.2064 -0.0251 0.0017 0.9500 0.3112
1731965474.7344 6.5025 -7.1688 0.1996 -0.0250 0.0022 0.9456 0.3244
1731965474.8331 6.4034 -7.0566 0.1953 -0.0248 0.0031 0.9410 0.3375
1731965474.9335 6.3010 -6.9414 0.1959 -0.0247 0.0041 0.9362 0.3505
1731965475.0407 6.1725 -6.7954 0.2003 -0.0247 0.0040 0.9311 0.3638
1731965475.1320 6.0711 -6.6696 0.1963 -0.0250 0.0033 0.9258 0.3773
1731965475.2326 5.9506 -6.5593 0.1921 -0.0256 0.0027 0.9202 0.3907
1731965475.3364 5.8756 -6.4007 0.1864 -0.0263 0.0021 0.9144 0.4040
1731965475.4363 5.7611 -6.2344 0.1772 -0.0267 0.0019 0.9085 0.4170
1731965475.5387 5.6829 -6.1066 0.1693 -0.0266 0.0016 0.9025 0.4299
1731965475.6346 5.6189 -5.9536 0.1653 -0.0265 0.0016 0.8963 0.4426
1731965475.7383 5.5359 -5.7772 0.1605 -0.0263 0.0011 0.8902 0.4548
1731965475.8357 5.4551 -5.6492 0.1588 -0.0262 0.0011 0.8843 0.4662
1731965475.9361 5.3777 -5.4741 0.1498 -0.0259 0.0016 0.8784 0.4773
1731965476.0324 5.2783 -5.3062 0.1365 -0.0251 0.0024 0.8727 0.4877
1731965476.1333 5.2449 -5.1105 0.1359 -0.0244 0.0035 0.8675 0.4968
1731965476.2325 5.1376 -4.9310 0.1290 -0.0233 0.0043 0.8624 0.5056
1731965476.3379 5.0789 -4.7979 0.1367 -0.0226 0.0044 0.8578 0.5134
1731965476.4307 5.0445 -4.5723 0.1383 -0.0225 0.0042 0.8539 0.5199
1731965476.5383 4.9609 -4.4219 0.1326 -0.0224 0.0039 0.8507 0.5252
1731965476.6381 4.8517 -4.2541 0.1165 -0.0221 0.0038 0.8473 0.5307
1731965476.7428 4.6376 -4.2235 0.1050 -0.0208 0.0044 0.8427 0.5379
1731965476.8337 4.5445 -4.0433 0.1091 -0.0202 0.0051 0.8415 0.5399
1731965476.9373 4.4983 -3.8454 0.1136 -0.0201 0.0054 0.8407 0.5411
1731965477.0372 4.4353 -3.6706 0.1094 -0.0201 0.0056 0.8410 0.5406
1731965477.1383 4.3462 -3.4676 0.1010 -0.0200 0.0056 0.8418 0.5394
1731965477.2374 4.2410 -3.3228 0.1057 -0.0201 0.0055 0.8435 0.5367
1731965477.3373 4.1439 -3.1531 0.1029 -0.0203 0.0052 0.8454 0.5337
1731965477.4343 4.1076 -2.9971 0.0945 -0.0205 0.0047 0.8477 0.5300
1731965477.5332 3.9894 -2.8324 0.0891 -0.0201 0.0047 0.8506 0.5255
1731965477.6381 3.9423 -2.6478 0.0863 -0.0198 0.0051 0.8538 0.5202
1731965477.7316 3.8288 -2.4880 0.0886 -0.0197 0.0056 0.8577 0.5137
1731965477.8333 3.7400 -2.3637 0.0877 -0.0196 0.0057 0.8623 0.5060
1731965477.9340 3.6178 -2.2021 0.0772 -0.0195 0.0057 0.8674 0.4973
1731965478.0326 3.5099 -2.0475 0.0757 -0.0190 0.0061 0.8725 0.4881
1731965478.1394 3.4233 -1.9259 0.0747 -0.0188 0.0063 0.8784 0.4774
1731965478.2328 3.2833 -1.7938 0.0756 -0.0188 0.0064 0.8847 0.4656
1731965478.3325 3.1755 -1.6536 0.0696 -0.0188 0.0067 0.8911 0.4534
1731965478.4371 3.0508 -1.5435 0.0695 -0.0188 0.0064 0.8973 0.4410
1731965478.5380 2.9339 -1.4154 0.0622 -0.0189 0.0062 0.9035 0.4281
1731965478.6363 2.7645 -1.3332 0.0622 -0.0189 0.0061 0.9102 0.4138
1731965478.7331 2.6179 -1.2080 0.0500 -0.0190 0.0063 0.9166 0.3993
1731965478.8416 2.4984 -1.1116 0.0500 -0.0189 0.0065 0.9228 0.3848
1731965478.9378 2.3559 -1.0278 0.0436 -0.0188 0.0071 0.9290 0.3694
1731965479.0391 2.1309 -0.9185 0.0379 -0.0187 0.0076 0.9356 0.3524
1731965479.1371 1.9619 -0.8073 0.0375 -0.0186 0.0077 0.9420 0.3351
1731965479.2387 1.7732 -0.7266 0.0295 -0.0187 0.0078 0.9480 0.3176
1731965479.3424 1.5807 -0.6442 0.0267 -0.0188 0.0080 0.9537 0.2999
1731965479.4412 1.3563 -0.5952 0.0237 -0.0189 0.0082 0.9591 0.2823
1731965479.5415 1.1362 -0.5181 0.0212 -0.0195 0.0076 0.9641 0.2646
1731965479.6402 0.9563 -0.4304 0.0223 -0.0198 0.0072 0.9683 0.2490
1731965479.7305 0.7788 -0.3975 0.0129 -0.0200 0.0069 0.9721 0.2334
1731965479.8357 0.5257 -0.3316 0.0098 -0.0201 0.0068 0.9757 0.2180
1731965479.9353 0.2901 -0.2604 -0.0043 -0.0203 0.0070 0.9789 0.2033
1731965480.0337 0.0555 -0.2050 -0.0043 -0.0205 0.0069 0.9818 0.1885
1731965480.1418 -0.1789 -0.1629 -0.0120 -0.0205 0.0073 0.9843 0.1752
1731965480.2410 -0.4010 -0.1182 -0.0164 -0.0209 0.0076 0.9866 0.1618
1731965480.3445 -0.6411 -0.0732 -0.0216 -0.0211 0.0079 0.9886 0.1488
1731965480.4364 -0.8824 -0.0372 -0.0240 -0.0212 0.0083 0.9905 0.1359
1731965480.5365 -1.1350 -0.0091 -0.0301 -0.0215 0.0084 0.9921 0.1230
1731965480.6372 -1.4099 0.0007 -0.0438 -0.0222 0.0088 0.9936 0.1107
1731965480.7388 -1.6594 0.0358 -0.0443 -0.0223 0.0087 0.9949 0.0983
1731965480.8363 -1.9404 0.0471 -0.0498 -0.0223 0.0087 0.9959 0.0877
1731965480.9374 -2.2161 0.0395 -0.0600 -0.0222 0.0089 0.9967 0.0770
1731965481.0391 -2.4962 0.0509 -0.0604 -0.0217 0.0089 0.9975 0.0666
1731965481.1381 -2.7728 0.0727 -0.0687 -0.0217 0.0089 0.9981 0.0568
1731965481.2345 -3.1012 0.1026 -0.0738 -0.0219 0.0082 0.9986 0.0478
1731965481.3355 -3.4358 0.1493 -0.0822 -0.0220 0.0080 0.9989 0.0409
1731965481.4325 -3.7273 0.1542 -0.0891 -0.0219 0.0080 0.9991 0.0342
1731965481.5411 -4.0107 0.1339 -0.0980 -0.0219 0.0082 0.9993 0.0288
1731965481.6338 -4.3266 0.1389 -0.1052 -0.0218 0.0082 0.9994 0.0243
1731965481.7385 -4.6682 0.1347 -0.1137 -0.0217 0.0082 0.9995 0.0207
1731965481.8361 -4.9741 0.0835 -0.1217 -0.0218 0.0080 0.9996 0.0180
1731965481.9372 -5.3040 0.1210 -0.1279 -0.0218 0.0081 0.9996 0.0148
1731965482.0386 -5.6296 0.0775 -0.1329 -0.0218 0.0081 0.9996 0.0136
1731965482.1373 -5.9679 0.0930 -0.1414 -0.0217 0.0081 0.9997 0.0117
1731965482.2338 -6.2675 0.0672 -0.1510 -0.0217 0.0081 0.9997 0.0108
1731965482.3332 -6.6332 0.0551 -0.1554 -0.0217 0.0079 0.9997 0.0103
1731965482.4438 -6.9445 0.0773 -0.1655 -0.0218 0.0079 0.9997 0.0099
1731965482.5427 -7.2638 0.0724 -0.1717 -0.0219 0.0080 0.9997 0.0094
1731965482.6353 -7.6166 0.0725 -0.1744 -0.0218 0.0083 0.9997 0.0094
1731965482.7363 -7.9319 0.0635 -0.1804 -0.0218 0.0084 0.9997 0.0092
1731965482.8343 -8.2851 0.0635 -0.1837 -0.0219 0.0084 0.9997 0.0091
1731965482.9340 -8.6342 0.0720 -0.1964 -0.0221 0.0084 0.9997 0.0089
1731965483.0330 -8.9670 0.0644 -0.2053 -0.0222 0.0084 0.9997 0.0087
1731965483.1368 -9.3003 0.0484 -0.2117 -0.0222 0.0084 0.9997 0.0083
1731965483.2449 -9.6299 0.0403 -0.2165 -0.0222 0.0088 0.9997 0.0082
1731965483.3353 -9.9681 0.0349 -0.2187 -0.0222 0.0090 0.9997 0.0081
1731965483.4339 -10.3182 -0.0131 -0.2191 -0.0222 0.0088 0.9997 0.0083
1731965483.5429 -10.6563 -0.0271 -0.2341 -0.0223 0.0088 0.9997 0.0079
1731965483.6404 -10.9998 -0.0195 -0.2446 -0.0224 0.0083 0.9997 0.0077
1731965483.7402 -11.3560 -0.0593 -0.2538 -0.0222 0.0084 0.9997 0.0078
1731965483.8325 -11.7087 -0.0235 -0.2619 -0.0219 0.0086 0.9997 0.0078
1731965483.9347 -12.0615 -0.0262 -0.2685 -0.0220 0.0089 0.9997 0.0077
1731965484.0329 -12.3903 -0.0459 -0.2679 -0.0221 0.0091 0.9997 0.0082
1731965484.1360 -12.7504 -0.0440 -0.2772 -0.0221 0.0089 0.9997 0.0085
1731965484.2417 -13.0825 -0.0239 -0.2821 -0.0221 0.0092 0.9997 0.0081
1731965484.3316 -13.4280 -0.0346 -0.2857 -0.0217 0.0093 0.9997 0.0082
1731965484.4368 -13.7740 -0.0841 -0.3001 -0.0217 0.0093 0.9997 0.0087
1731965484.5389 -14.1238 -0.1379 -0.3049 -0.0217 0.0090 0.9997 0.0093
1731965484.6392 -14.4726 -0.1277 -0.3152 -0.0218 0.0091 0.9997 0.0096
1731965484.7446 -14.8226 -0.1135 -0.3179 -0.0220 0.0093 0.9997 0.0099
1731965484.8330 -15.1703 -0.1222 -0.3302 -0.0220 0.0091 0.9997 0.0097
1731965484.9313 -15.5042 -0.1465 -0.3324 -0.0220 0.0092 0.9997 0.0101
1731965485.0374 -15.8368 -0.1735 -0.3418 -0.0221 0.0089 0.9997 0.0103
1731965485.1416 -16.1584 -0.1583 -0.3502 -0.0224 0.0085 0.9997 0.0102
1731965485.2330 -16.5210 -0.1530 -0.3614 -0.0224 0.0086 0.9997 0.0101
1731965485.3374 -16.8629 -0.1457 -0.3670 -0.0225 0.0089 0.9997 0.0104
1731965485.4386 -17.2051 -0.1394 -0.3689 -0.0224 0.0092 0.9997 0.0099
1731965485.5386 -17.5496 -0.1636 -0.3747 -0.0225 0.0095 0.9996 0.0111
1731965485.6372 -17.8518 -0.1611 -0.3785 -0.0225 0.0095 0.9996 0.0106
1731965485.7390 -18.2109 -0.1546 -0.3894 -0.0227 0.0096 0.9996 0.0108
1731965485.8424 -18.5418 -0.1670 -0.3899 -0.0226 0.0096 0.9996 0.0107
1731965485.9387 -18.8491 -0.1717 -0.4039 -0.0226 0.0097 0.9996 0.0111
1731965486.0369 -19.1991 -0.1668 -0.4121 -0.0226 0.0099 0.9996 0.0108
1731965486.1338 -19.5324 -0.1658 -0.4099 -0.0223 0.0098 0.9996 0.0107
1731965486.2338 -19.8469 -0.1740 -0.4279 -0.0221 0.0097 0.9996 0.0110
1731965486.3349 -20.1975 -0.1827 -0.4301 -0.0218 0.0098 0.9997 0.0110
1731965486.4382 -20.5277 -0.2014 -0.4395 -0.0216 0.0098 0.9997 0.0106
1731965486.5383 -20.8381 -0.2005 -0.4399 -0.0214 0.0098 0.9997 0.0102
1731965486.6415 -21.1634 -0.2050 -0.4488 -0.0213 0.0098 0.9997 0.0098
1731965486.7373 -21.4947 -0.1910 -0.4574 -0.0213 0.0097 0.9997 0.0093
1731965486.8336 -21.8055 -0.1835 -0.4614 -0.0213 0.0100 0.9997 0.0088
1731965486.9360 -22.1465 -0.1918 -0.4670 -0.0214 0.0101 0.9997 0.0083
1731965487.0437 -22.4874 -0.1925 -0.4756 -0.0217 0.0100 0.9997 0.0080
1731965487.1328 -22.8174 -0.2114 -0.4797 -0.0223 0.0096 0.9997 0.0077
1731965487.2375 -23.1395 -0.2292 -0.4828 -0.0226 0.0094 0.9997 0.0073
1731965487.3340 -23.4738 -0.2437 -0.4941 -0.0227 0.0092 0.9997 0.0069
1731965487.4392 -23.7924 -0.2271 -0.4999 -0.0228 0.0090 0.9997 0.0061
1731965487.5399 -24.1239 -0.2475 -0.5026 -0.0229 0.0089 0.9997 0.0059
1731965487.6330 -24.4488 -0.2651 -0.5158 -0.0230 0.0087 0.9997 0.0057
1731965487.7347 -24.7716 -0.2314 -0.5155 -0.0234 0.0084 0.9997 0.0054
1731965487.8395 -25.0975 -0.2507 -0.5278 -0.0236 0.0084 0.9997 0.0052
1731965487.9318 -25.4306 -0.2702 -0.5309 -0.0237 0.0084 0.9997 0.0051
1731965488.0338 -25.7621 -0.2820 -0.5385 -0.0238 0.0083 0.9997 0.0052
1731965488.1376 -26.0740 -0.2913 -0.5453 -0.0240 0.0082 0.9997 0.0054
1731965488.2358 -26.3907 -0.2970 -0.5501 -0.0247 0.0076 0.9996 0.0058
1731965488.3399 -26.7122 -0.2957 -0.5605 -0.0247 0.0071 0.9997 0.0060
1731965488.4339 -27.0271 -0.3053 -0.5793 -0.0248 0.0067 0.9996 0.0063
1731965488.5311 -27.3404 -0.3292 -0.5855 -0.0249 0.0067 0.9996 0.0065
1731965488.6413 -27.6677 -0.3350 -0.5898 -0.0247 0.0069 0.9996 0.0073
1731965488.7374 -27.9941 -0.3090 -0.6037 -0.0250 0.0072 0.9996 0.0074
1731965488.8336 -28.3165 -0.3203 -0.6046 -0.0252 0.0074 0.9996 0.0079
1731965488.9369 -28.6263 -0.3296 -0.6099 -0.0253 0.0072 0.9996 0.0084
1731965489.0349 -28.9498 -0.3318 -0.6168 -0.0253 0.0073 0.9996 0.0087
1731965489.1369 -29.2712 -0.3425 -0.6299 -0.0253 0.0074 0.9996 0.0091
1731965489.2409 -29.5793 -0.3476 -0.6380 -0.0255 0.0076 0.9996 0.0095
1731965489.6365 -30.8266 -0.3501 -0.6743 -0.0259 0.0084 0.9996 0.0099
1731965489.7340 -31.1381 -0.3393 -0.6859 -0.0260 0.0088 0.9996 0.0093
1731965489.8404 -31.4323 -0.3333 -0.6896 -0.0262 0.0089 0.9996 0.0088
1731965489.9402 -31.7345 -0.3508 -0.6996 -0.0264 0.0088 0.9996 0.0081
1731965490.0399 -32.0436 -0.3665 -0.7080 -0.0267 0.0087 0.9996 0.0072
1731965490.1343 -32.3624 -0.3641 -0.7234 -0.0268 0.0087 0.9996 0.0055
1731965490.2381 -32.6613 -0.3709 -0.7306 -0.0270 0.0091 0.9996 0.0035
1731965490.3355 -32.9894 -0.3789 -0.7395 -0.0272 0.0097 0.9996 0.0009
1731965490.4333 -33.2807 -0.4089 -0.7503 -0.0276 0.0103 0.9996 -0.0024
1731965490.5364 -33.5684 -0.4128 -0.7662 -0.0280 0.0110 0.9995 -0.0064
1731965490.6330 -33.8538 -0.4300 -0.7691 -0.0280 0.0117 0.9995 -0.0106
1731965490.7361 -34.1629 -0.4572 -0.7705 -0.0280 0.0123 0.9994 -0.0161
1731965490.8349 -34.4533 -0.4934 -0.7779 -0.0277 0.0128 0.9993 -0.0223
1731965490.9343 -34.7499 -0.5288 -0.7888 -0.0276 0.0133 0.9991 -0.0289
